numStates 10
numActions 5
start 6
end 0 5
transition 1 0 6 -0.37970486136133474 0.04933586337760911
transition 1 0 5 0.4596634965202573 0.1722011385199241
transition 1 0 3 0.797676575935987 0.21110056925996204
transition 1 0 8 0.36796786383088254 0.15370018975332067
transition 1 0 9 -0.055714569094573285 0.41366223908918404
transition 1 1 1 -0.8134562712951798 0.8329519450800915
transition 1 1 9 0.6801824331108262 0.16704805491990846
transition 1 2 6 -0.5227681427695596 0.06252382767823103
transition 1 2 4 0.9350805005802867 0.170987418985894
transition 1 2 3 0.6063589385597401 0.09931376286694625
transition 1 2 0 -0.10406085712885926 0.18223408311094166
transition 1 2 9 -0.8391083628949292 0.48494090735798706
transition 1 3 9 0.9276770919476018 1.0
transition 1 4 2 -0.419340995194484 0.2592986184909671
transition 1 4 5 -0.6212173428912877 0.03772582359192349
transition 1 4 1 -0.6265409434888898 0.048884165781083955
transition 1 4 6 0.22554635973721338 0.3698193411264612
transition 1 4 9 0.31331877797925767 0.2842720510095643
transition 2 0 8 0.6989719303727342 0.5270506108202443
transition 2 0 1 0.7900779348533504 0.47294938917975565
transition 2 1 9 -0.027111596061666354 0.35731300619342543
transition 2 1 7 0.2602946808229456 0.13244402096236302
transition 2 1 2 0.6901551513430304 0.05717008099094807
transition 2 1 1 -0.5139287558762875 0.45307289185326344
transition 2 2 2 -0.9095318642687753 0.5597597597597598
transition 2 2 1 0.14773207357833384 0.4402402402402402
transition 2 3 3 -0.259720119329625 0.08322382829610162
transition 2 3 4 0.9610333012945373 0.32238282961016207
transition 2 3 5 -0.9272159247770284 0.05562855891371003
transition 2 3 7 -0.9567269802899518 0.21506789312308366
transition 2 3 1 0.9220625604792223 0.32369689005694263
transition 2 4 1 0.2938514396706451 1.0
transition 3 0 1 0.3986462501918546 0.31159663865546217
transition 3 0 6 -0.2174476057387027 0.25210084033613445
transition 3 0 4 -0.47973349156148304 0.4363025210084034
transition 3 1 6 -0.7655743122578951 0.19284668479397615
transition 3 1 9 0.8428367889272277 0.1219410165237398
transition 3 1 8 0.3312116440358681 0.18740849194729137
transition 3 1 5 -0.9735924829300433 0.10897301819702991
transition 3 1 4 0.3625613512084691 0.38883078853796277
transition 3 2 9 -0.32816689105307884 0.1426086956521739
transition 3 2 6 -0.9086070128631667 0.4527536231884058
transition 3 2 4 -0.4382336715633035 0.4046376811594203
transition 3 3 0 -0.2239655293749887 0.0024067388688327317
transition 3 3 3 -0.1711640234455054 0.7328519855595668
transition 3 3 4 0.30166572452669005 0.2647412755716005
transition 3 4 0 -0.936909043755128 0.42549757934373317
transition 3 4 7 0.7433763847027661 0.3652501344809037
transition 3 4 4 0.13494468358496636 0.2092522861753631
transition 4 0 0 0.8160797143191831 1.0
transition 4 0 8 0.2079547756237501 0.0
transition 4 1 1 0.6748967874877803 0.3804444444444444
transition 4 1 2 -0.7389564963158746 0.288
transition 4 1 7 -0.9705414265123484 0.0035555555555555557
transition 4 1 8 0.8990950685518235 0.328
transition 4 2 8 0.3770800080674168 1.0
transition 4 3 5 0.5996491133025517 0.7535816618911175
transition 4 3 8 -0.7684412023222462 0.24641833810888253
transition 4 4 9 -0.5885285186619049 0.17309988062077197
transition 4 4 4 -0.48066123488015333 0.008754476721050538
transition 4 4 3 -0.3705735363587357 0.17250298448070037
transition 4 4 0 -0.266212404691595 0.15280541185833665
transition 4 4 8 0.13493558630125468 0.49283724631914044
transition 6 0 4 0.17425100939028693 0.2020312928904749
transition 6 0 6 -0.9822058359018424 0.026351907768322812
transition 6 0 0 -0.6979536522720244 0.09525116662091683
transition 6 0 1 -0.3331832239402672 0.21932473236343672
transition 6 0 7 0.5792463178515652 0.45704090035684874
transition 6 1 7 0.9786060534191772 1.0
transition 6 2 2 0.714073159144077 0.6526315789473685
transition 6 2 7 0.4573214958736729 0.3473684210526316
transition 6 3 5 0.6816966652553431 0.4504587155963303
transition 6 3 2 0.952458915298114 0.10917431192660551
transition 6 3 7 -0.3126968126844645 0.44036697247706424
transition 6 4 8 0.6122369911456185 0.13542361574382922
transition 6 4 3 0.9829994982313888 0.5123415610406938
transition 6 4 5 -0.8261564513171513 0.1514342895263509
transition 6 4 7 0.6155451399783725 0.2008005336891261
transition 7 0 9 0.5765775380267009 0.10726150925486473
transition 7 0 7 0.4288127374545121 0.12719506407214048
transition 7 0 8 -0.5654929068231871 0.28476506881822494
transition 7 0 3 -0.832673514361211 0.4807783578547698
transition 7 1 8 0.5048768025177861 0.6257668711656442
transition 7 1 3 -0.5966241640014904 0.37423312883435583
transition 7 2 9 -0.0831839087898738 0.07935341660543718
transition 7 2 2 -0.2767158069254272 0.44893460690668624
transition 7 2 3 0.6539731793304437 0.47171197648787655
transition 7 3 8 0.0856181473995834 0.5882352941176471
transition 7 3 3 0.8626268091615006 0.4117647058823529
transition 7 4 8 0.4362633035536587 0.073541842772612
transition 7 4 7 0.6141107599501516 0.44716821639898563
transition 7 4 3 -0.8672817379244295 0.47928994082840237
transition 8 0 5 0.7238067710502454 1.0
transition 8 1 1 0.3571427135787182 0.5025873221216042
transition 8 1 5 0.6102199780642741 0.4974126778783959
transition 8 2 5 0.21485982218963584 1.0
transition 8 3 3 -0.012979956569024731 0.6382175226586103
transition 8 3 5 -0.4759849318422822 0.36178247734138974
transition 8 4 8 -0.8889459082206772 0.3104173974044195
transition 8 4 2 -0.9281323331396221 0.21641529287969133
transition 8 4 3 -0.16426791040741096 0.2578042792002806
transition 8 4 5 -0.016338081807472093 0.21536303051560857
transition 9 0 2 -0.7970389802621425 0.8076923076923077
transition 9 0 6 0.5562967084552013 0.19230769230769232
transition 9 1 3 0.5668339397969826 0.17470881863560733
transition 9 1 1 0.5549219770777176 0.17970049916805325
transition 9 1 7 -0.7780061530876665 0.2653910149750416
transition 9 1 9 -0.8796783445757668 0.09595119245701608
transition 9 1 6 0.4016348491190136 0.2842484747642818
transition 9 2 5 -0.11084079188731866 0.013706793802145411
transition 9 2 7 0.5132324425947301 0.27532777115613827
transition 9 2 9 -0.08905952637562442 0.285160905840286
transition 9 2 1 0.5791174565555663 0.012216924910607866
transition 9 2 6 -0.8493208295628796 0.4135876042908224
transition 9 3 5 0.890971096060349 0.23713033953997809
transition 9 3 7 -0.7086191560928488 0.5180722891566265
transition 9 3 6 0.7836842174233938 0.2447973713033954
transition 9 4 6 0.3728362085971162 1.0
mdptype episodic
discount  1.0
