7.985542 16
7.837297 9
0.000000 0
7.664217 18
7.830742 15
7.826878 12
7.943427 10
8.261769 4
7.869692 14
8.348371 5
7.711355 11
7.775431 0
7.914741 17
8.006133 16
8.101707 0
8.089338 15
0.000000 0
7.652557 9
8.124858 4
7.843161 15
8.415760 12
7.321340 9
7.627955 2
7.984528 7
7.708910 13
7.777016 10
8.089617 15
5.340502 18
8.238763 19
7.855451 6
7.457378 3
7.829692 0
0.000000 0
7.660101 17
0.000000 0
8.418252 8
7.959227 17
8.097640 0
7.778000 18
7.661630 0
7.991036 3
8.497708 3
7.933301 8
7.623537 19
7.864192 10
7.799442 1
7.948461 7
7.806157 5
7.637896 18
7.745240 18
