1.065079 7
1.051696 2
0.824259 7
0.601320 14
1.057797 4
0.980877 19
0.983041 18
1.002595 5
0.886921 15
0.837798 8
1.109280 8
0.910305 19
1.155357 7
0.958098 8
0.772395 18
1.218694 16
0.939597 11
0.840961 19
0.934034 2
0.899851 12
1.168103 14
0.985183 19
1.032489 14
1.110618 15
0.779151 0
0.945382 1
1.185461 3
1.083733 18
0.697620 15
1.125198 5
0.556266 1
1.088646 6
0.829482 11
0.884322 6
1.180251 1
0.922217 4
0.916141 11
1.031048 10
1.077761 14
0.900197 19
0.855533 5
1.205419 0
1.056961 4
0.720773 14
1.141582 1
1.110485 4
0.983264 5
1.030596 3
0.779689 1
0.815195 12
